
#################################################################
# Summary Statistics
#################################################################

DIC = 264.1314

                        Mean    SD  2.5%    5%   25%   50%   75%   95% 97.5%
Epsilon.1              0.110 0.055 0.039 0.045 0.072 0.099 0.136 0.212 0.240
Epsilon.2              0.051 0.027 0.012 0.016 0.032 0.047 0.065 0.101 0.117
p.global.fecal pellets 0.652 0.217 0.091 0.153 0.567 0.712 0.804 0.899 0.929
p.global.MD            0.150 0.169 0.003 0.006 0.033 0.085 0.197 0.544 0.642
p.global.phytoplankton 0.058 0.056 0.002 0.003 0.017 0.042 0.083 0.169 0.206
p.global.zooplankton   0.140 0.097 0.007 0.012 0.063 0.123 0.207 0.323 0.360
